864
190 371
156 123
517 40
210 448
57 93
627 744
616 578
574 639
5 88
241 394
695 500
339 711
339 440
451 507
367 640
849 533
183 126
95 38
329 41
738 697
149 83
783 269
464 559
670 802
668 350
286 582
140 71
67 70
474 647
539 184
422 848
207 683
139 603
327 260
807 264
474 530
411 588
216 153
416 817
26 4
596 390
81 368
638 207
685 636
36 96
46 105
98 64
29 124
714 831
374 327
231 103
456 153
557 467
671 838
696 390
17 44
151 595
506 195
201 767
21 3
225 366
787 445
202 22
532 566
477 829
76 1
325 110
199 746
309 299
685 843
27 255
799 637
491 43
550 172
552 311
447 261
1 82
112 646
18 30
1 553
289 445
55 659
170 167
306 206
716 732
264 400
104 44
215 224
174 84
124 158
108 236
344 22
806 418
574 703
396 269
29 411
199 293
136 99
400 546
10 611
466 270
228 220
312 501
41 346
116 111
662 676
30 130
316 208
80 49
518 508
828 281
36 348
63 11
712 406
453 365
201 9
72 736
263 856
339 86
861 482
583 399
435 226
381 460
367 678
8 92
558 65
103 264
476 515
629 459
128 141
18 349
77 269
384 49
10 356
618 259
708 683
145 627
754 91
107 42
610 357
18 326
496 6
119 353
51 6
743 292
515 625
68 64
210 303
177 380
762 580
747 2
548 139
39 486
318 192
151 243
622 568
400 468
312 10
432 187
131 281
135 146
446 74
353 395
786 26
29 41
671 716
249 198
776 19
70 134
830 62
44 252
493 107
649 475
648 667
132 64
341 76
215 527
721 147
709 20
422 14
125 46
162 220
150 290
818 143
93 749
146 469
643 857
191 725
478 419
401 265
272 45
393 346
54 89
151 125
587 78
503 213
656 417
126 65
485 520
137 207
607 530
774 296
748 79
243 386
225 662
699 294
6 17
404 461
54 59
255 277
624 644
267 228
134 337
827 242
223 420
187 106
599 267
109 25
17 427
191 134
519 236
424 105
755 811
24 16
233 171
176 451
356 428
18 298
310 382
19 75
797 478
305 55
16 180
115 815
315 302
130 495
103 594
72 321
64 10
236 313
789 185
35 14
825 146
759 695
74 111
3 148
256 94
152 657
19 123
302 220
739 621
257 157
60 47
471 355
11 4
47 20
275 317
387 579
33 10
235 73
408 590
137 87
526 375
225 741
852 808
800 114
50 65
308 292
153 209
785 479
5 246
93 819
8 5
651 552
675 842
384 410
165 279
32 78
735 727
98 227
128 29
99 660
373 202
9 40
7 576
72 43
42 14
209 287
319 60
21 49
38 166
454 117
682 354
345 142
78 250
344 724
750 628
431 236
277 301
98 567
389 314
2 1
864 485
311 263
374 377
266 237
232 182
145 834
132 154
581 568
407 722
219 132
391 615
851 577
815 823
477 162
152 38
41 181
175 193
161 86
21 218
5 3
10 6
61 49
24 32
686 19
2 304
285 286
197 706
182 101
440 763
375 733
241 502
23 3
542 846
274 645
359 241
465 198
508 752
748 791
28 8
535 340
505 117
9 5
296 262
612 249
524 465
57 110
106 160
329 719
650 472
118 297
768 359
747 771
775 635
127 53
189 40
661 55
584 147
563 658
20 563
199 323
713 772
153 150
304 376
539 602
185 727
701 74
630 185
242 672
138 196
147 197
103 387
165 175
57 253
522 158
211 70
336 516
345 654
30 322
455 608
511 573
154 208
15 167
13 117
681 215
324 93
16 212
591 81
72 112
14 155
214 199
150 169
262 198
145 133
250 804
43 118
49 129
314 114
567 679
391 233
138 4
178 46
624 162
270 483
103 331
560 301
655 120
199 288
491 814
674 291
433 196
788 672
673 93
352 545
509 423
572 427
385 274
621 232
265 140
179 837
39 442
394 452
423 124
308 820
510 454
224 338
118 263
755 177
101 41
78 292
821 595
52 226
492 758
259 354
29 144
188 365
726 854
742 682
136 291
4 192
36 131
163 57
479 93
300 158
836 75
72 90
7 6
508 697
478 549
597 634
79 27
372 166
494 214
7 48
159 512
193 781
429 592
240 17
590 761
597 543
17 38
4 54
375 156
165 110
115 606
111 528
575 452
569 206
327 369
198 574
232 328
5 449
700 350
87 49
96 108
36 200
623 190
840 565
35 52
527 620
536 538
100 648
130 260
436 249
562 329
860 502
30 605
239 226
490 345
414 728
47 103
484 240
544 124
157 39
358 508
672 792
1 3
268 102
540 97
855 125
571 220
737 130
68 73
7 734
85 280
46 729
72 482
25 120
392 116
127 360
671 180
282 20
3 635
351 224
504 500
8 259
147 5
55 53
652 222
97 278
19 4
25 17
726 529
15 22
670 522
192 225
116 756
809 810
177 91
564 328
383 266
118 273
485 448
227 335
567 702
300 521
684 293
547 445
197 437
55 663
11 36
265 803
234 5
448 474
594 715
409 555
863 315
765 402
475 38
321 593
784 232
693 608
406 201
188 139
25 347
777 266
10 133
196 364
429 55
10 97
69 399
52 74
201 633
37 15
79 289
142 140
202 342
357 220
31 24
731 499
412 247
17 34
292 839
370 296
675 181
464 64
173 691
361 363
343 12
813 540
62 83
740 512
717 30
144 434
285 83
414 192
473 424
472 529
626 396
443 234
218 413
6 16
760 718
680 514
25 91
532 521
31 86
186 112
46 488
780 378
554 482
541 354
306 408
238 295
336 853
70 99
129 198
176 87
145 215
318 417
12 45
71 139
34 334
183 418
631 705
519 614
213 5
462 311
174 330
643 574
21 94
386 438
632 179
67 2
334 730
1 4
65 69
112 556
835 70
66 45
20 381
566 642
98 258
426 337
164 653
108 164
480 364
379 570
447 533
19 135
44 244
531 463
666 138
267 714
57 16
631 260
477 778
378 669
687 545
310 40
805 210
50 77
344 511
680 688
455 374
2 29
81 217
847 508
356 425
654 850
525 366
234 523
201 283
339 463
589 381
7 18
551 481
184 140
174 270
48 242
320 310
10 15
833 446
333 6
386 845
124 492
561 503
63 223
357 421
45 808
393 403
185 104
579 619
641 322
35 171
418 514
355 311
826 394
723 312
57 690
617 276
75 841
402 256
476 293
779 138
568 362
84 72
300 405
635 751
20 16
809 380
237 37
105 497
71 38
163 195
728 769
734 770
200 665
24 39
428 489
328 628
147 718
118 388
111 119
8 12
148 793
50 16
541 637
698 167
122 58
202 254
398 278
506 745
1 13
284 499
14 46
210 536
164 601
7 404
234 710
299 114
28 361
334 613
59 284
140 179
210 276
199 127
113 114
251 99
415 134
173 11
517 534
586 677
439 221
241 70
409 16
794 500
391 692
62 162
325 832
225 604
753 331
205 457
801 464
221 130
102 34
22 115
150 45
580 566
702 858
812 336
585 174
300 636
203 66
85 51
261 5
773 536
664 124
795 225
450 447
271 227
353 862
162 194
196 358
159 63
54 62
15 56
168 34
352 336
106 35
407 12
481 401
609 83
276 367
289 600
205 174
72 190
299 796
100 113
307 91
42 275
733 782
100 56
378 283
844 465
379 224
441 49
57 229
498 297
459 456
81 21
76 472
32 53
264 340
206 10
487 156
578 5
336 291
720 265
416 215
117 204
238 179
222 108
354 467
362 2
43 8
107 121
694 577
248 63
470 138
53 143
173 230
234 419
537 61
329 704
131 172
350 13
713 226
332 291
390 20
598 264
824 584
27 25
31 210
790 389
195 294
95 245
798 88
816 87
577 173
17 458
822 58
586 18
565 553
58 37
121 274
2 6
